F4a=[380	0.0188243064729
385	0.0231175693527
390	0.0287318361955
395	0.0323645970938
400	0.0663804491413
405	0.4540951122853
410	0.0643989431968
415	0.0525099075297
420	0.0581241743725
425	0.0637384412153
430	0.0693527080581
435	1.0000000000000
440	0.2651915455746
445	0.0842140026420
450	0.0891677675033
455	0.0931307793923
460	0.0961030383091
465	0.0987450462351
470	0.1003963011889
475	0.1017173051519
480	0.1020475561427
485	0.1020475561427
490	0.1036988110964
495	0.1010568031704
500	0.0990752972259
505	0.0984147952444
510	0.0994055482166
515	0.1036988110964
520	0.1126155878468
525	0.1287978863937
530	0.1548877146631
535	0.1918758256275
540	0.2417437252312
545	0.7460369881110
550	0.4990092470277
555	0.4583883751651
560	0.5392998678996
565	0.6169088507266
570	0.6816380449141
575	0.8018494055482
580	0.8672391017173
585	0.7688243064729
590	0.7575957727873
595	0.7311756935271
600	0.6905548216645
605	0.6416776750330
610	0.5858652575958
615	0.5284015852048
620	0.4762219286658
625	0.4147952443857
630	0.3609643328930
635	0.3143989431968
640	0.2701453104359
645	0.2315059445178
650	0.1981505944518
655	0.1687582562748
660	0.1439894319683
665	0.1218626155878
670	0.1033685601057
675	0.0871862615588
680	0.0739762219287
685	0.0630779392338
690	0.0561426684280
695	0.0459048877147
700	0.0389696169089
705	0.0340158520476
710	0.0290620871863
715	0.0244385733157
720	0.0211360634082
725	0.0178335535007
730	0.0161822985469
735	0.0151915455746
740	0.0138705416116
745	0.0122192866579
750	0.0122192866579
755	0.0108982826948
760	0.0115587846764
765	0.0118890356671
770	0.0102377807133
775	0.0085865257596
780	0.0062747688243
];
